<?xml version="1.0"?>
<opencv_storage>
<R1 type_id="opencv-matrix">
  <rows>3</rows>
  <cols>3</cols>
  <dt>d</dt>
  <data>
    9.9377893492953417e-01 -4.3026551558732022e-02
    1.0272363092922863e-01 4.3010615304439455e-02 9.9907180158458375e-01
    2.3711283532455336e-03 -1.0273030449411762e-01
    2.0618291631026831e-03 9.9470710935382789e-01</data></R1>
<R2 type_id="opencv-matrix">
  <rows>3</rows>
  <cols>3</cols>
  <dt>d</dt>
  <data>
    9.9383437430685273e-01 -3.6145671231309941e-02
    1.0481758868312301e-01 3.6161931147013049e-02 9.9934441833168497e-01
    1.7459338546300409e-03 -1.0481198014456646e-01
    2.0552373449576090e-03 9.9448993198404534e-01</data></R2>
<P1 type_id="opencv-matrix">
  <rows>3</rows>
  <cols>4</cols>
  <dt>d</dt>
  <data>
    4.2483705818400892e+02 0. 1.9085499000549316e+02 0. 0.
    4.2483705818400892e+02 2.1117648315429688e+02 0. 0. 0. 1. 0.</data></P1>
<P2 type_id="opencv-matrix">
  <rows>3</rows>
  <cols>4</cols>
  <dt>d</dt>
  <data>
    4.2483705818400892e+02 0. 1.9085499000549316e+02
    -1.0055384909530527e+03 0. 4.2483705818400892e+02
    2.1117648315429688e+02 0. 0. 0. 1. 0.</data></P2>
<Q type_id="opencv-matrix">
  <rows>4</rows>
  <cols>4</cols>
  <dt>d</dt>
  <data>
    1. 0. 0. -1.9085499000549316e+02 0. 1. 0. -2.1117648315429688e+02 0.
    0. 0. 4.2483705818400892e+02 0. 0. 4.2249706202827397e-01 0.</data></Q>
<roi1 type_id="opencv-matrix">
  <rows>4</rows>
  <cols>1</cols>
  <dt>d</dt>
  <data>
    0. 0. 552. 390.</data></roi1>
<roi2 type_id="opencv-matrix">
  <rows>4</rows>
  <cols>1</cols>
  <dt>d</dt>
  <data>
    0. 0. 583. 403.</data></roi2>
</opencv_storage>
